1260011000,260
1260012000,260
1260013000,260
1260014000,260
1260015000,260
1260016000,260
1260017000,260
1260018000,260
1260020000,260
1260021000,260
1260023000,260
1260024000,260
1260026000,260
1260027000,260
1260028000,260
1260030000,260
1260033000,260
1260035000,260
1260037000,260
1260039000,260
1261003000,261
1261008000,261
1261010000,261
1261013000,261
1261014000,261
1261016000,261
1261017000,261
1261019000,261
1261020000,261
1261021000,261
1261022000,261
1261023000,261
1261024000,261
1261025000,261
1261026000,261
1261027000,261
1261028000,261
1261029000,261
1261030000,261
1261031000,261
1261032000,261
1262011000,262
1262012000,262
1262013000,262
1262014000,262
1262015000,262
1262017000,262
1262018000,262
1262020000,262
1263012000,263
1263013000,263
1263015000,263
1263016000,263
1263017000,263
1263018000,263
1263019000,263
1263021000,263
1263022000,263
1263023000,263
1263025000,263
1263026000,263
1263027000,263
1263028000,263
1263029000,263
1263030000,263
1263031000,263
1263033000,263
1263034000,263
1263036000,263
1268001000,268
1268002000,268
1268005000,268
1268006000,268
1268007000,268
1268011000,268
1268013000,268
1268014000,268
1268015000,268
1268017000,262
1268022000,268
1268023000,268
1268024000,268
1268025000,268
1268026000,268
1268027000,268
1268029000,268
1268031000,268
1268032000,268
1268033000,268
1268034000,268
1268035000,268
1268036000,268
1241015000,241
1241017000,241
1241018000,241
1241019000,241
1241020000,241
1241021000,241
1241022000,241
1241023000,241
1241024000,241
1241025000,241
1241026000,241
1241027000,241
1241028000,241
1265011000,265
1265013000,265
1265014000,265
1265015000,265
1265016000,265
1265017000,265
1265019000,265
1265021000,265
1265022000,265
1265024000,265
1265026000,265
1265027000,265
1265028000,265
1265029000,265
1265032000,265
1265033000,265
1265035000,265
1265036000,265
1267012000,267
1267013000,267
1267014000,267
1267016000,267
1267018000,267
1267019000,267
1267020000,267
1267022000,267
1267023000,267
1267024000,267
1267026000,267
1267028000,267
1267029000,267
1267030000,267
1267031000,267
1267032000,267
