1262016000,41.0
1268032000,45.0
1261013000,27.0
1268019000,128.0
1263018000,16.0
1263015000,11.0
1262015000,15.0
1267016000,0.0
1265015000,0.0
1267028000,0.0
1263022000,67.0
1241027000,62.0
1263017000,26.0
1260030000,54.0
1263029000,83.0
1268013000,2.0
1241024000,0.0
1261011000,49.0
1263016000,13.0
1262012000,10.0
1263037000,40.0
1265035000,0.0
1268017000,21.0
1261010000,52.0
1260035000,36.0
1268036000,92.0
1261031000,64.0
1267025000,0.0
1241018000,63.0
1267031000,0.0
1260028000,27.0
1268033000,84.0
1265021000,0.0
1261009000,177.0
1268004000,16.0
1241015000,25.0
1261030000,56.0
1260017000,59.0
1265029000,0.0
1268030000,37.0
1263035000,173.0
1263036000,14.0
1268001000,68.0
1261008000,53.0
1268024000,57.0
1265026000,0.0
1261029000,56.0
1268027000,7.0
1260026000,51.0
1268031000,25.0
1260029000,19.0
1263012000,64.0
1268006000,16.0
1267013000,0.0
1260025000,141.0
1268021000,37.0
1261006000,168.0
1260013000,16.0
1261027000,72.0
1265017000,0.0
1260024000,80.0
1260020000,53.0
1268007000,24.0
1265014000,0.0
1261026000,62.0
1262011000,27.0
1268015000,34.0
1241026000,134.0
1260023000,54.0
1268018000,13.0
1265011000,0.0
1261004000,8.0
1268002000,14.0
1268012000,115.0
1241023000,51.0
1261025000,66.0
1263030000,54.0
1268009000,201.0
1261003000,47.0
1241020000,0.0
1261024000,13.0
1268016000,80.0
1268035000,47.0
1260021000,13.0
1267024000,0.0
1241017000,44.0
1267018000,0.0
1263031000,130.0
1261023000,49.0
1268003000,68.0
1263028000,2.0
1262014000,22.0
1265028000,0.0
1260034000,79.0
1268029000,35.0
1261022000,25.0
1263013000,72.0
1263027000,62.0
1268026000,16.0
1265032000,0.0
1260012000,19.0
1265022000,0.0
1261021000,2.0
1268023000,81.0
1260018000,35.0
1260019000,22.0
1267012000,0.0
1260039000,62.0
1265019000,0.0
1268008000,31.0
1261020000,51.0
1263034000,27.0
1267022000,0.0
1263025000,29.0
1265016000,0.0
1267014000,0.0
1260033000,10.0
1241028000,126.0
1261019000,15.0
1265013000,0.0
1260016000,3.0
1261032000,62.0
1268014000,7.0
1267032000,0.0
1241025000,139.0
1241021000,39.0
1260037000,24.0
1261018000,45.0
1263023000,18.0
1268011000,0.0
1267029000,0.0
1241022000,47.0
1260015000,3.0
1267026000,0.0
1265036000,0.0
1262020000,24.0
1268022000,100.0
1261017000,14.0
1241019000,8.0
1265033000,0.0
1260014000,5.0
1262013000,8.0
1268034000,113.0
1262019000,31.0
1268005000,3.0
1267019000,0.0
1261016000,30.0
1261028000,63.0
1263021000,3.0
1267020000,0.0
1241013000,132.0
1267030000,0.0
1262018000,5.0
1260011000,74.0
1265027000,0.0
1261015000,56.0
1268028000,112.0
1263020000,98.0
1263026000,8.0
1265024000,0.0
1262017000,13.0
1268025000,23.0
1261014000,184.0
1263033000,96.0
1267023000,0.0
1263019000,61.0
1260027000,14.0
